116.381972,39.918491
116.351358,39.922198
116.348484,39.926404
117.075752,39.708492
116.300622,39.947289
121.326458,31.201763
116.598701,40.085738
116.420636,39.933486
117.143871,39.170621
116.315662,40.053588
116.168045,39.817888
116.372127,39.924467
116.430984,39.865124
116.422288,39.912957
116.376008,39.797636
116.411509,39.922032
116.427699,39.954777
103.203974,75.968226
121.32388,31.200721
116.459945,39.92917
116.442914,39.918767
116.467779,39.919764
116.156605,39.84956
116.044066,40.061057
116.179602,39.769635
116.31133,39.930885
116.423366,39.939903
116.46052,39.932988
116.414024,39.922862
116.423798,39.930609
116.413737,39.921092
116.387434,39.92668
116.409712,39.918657
116.428684,39.919764
116.385638,39.922586
5轴CNC
北京市海淀区西四环中路16号院
104.079734,30.497075
113.270793,23.135308
北京市海淀区西四环中路17号院
北京市海淀区西四环中路18号院
116.411149,39.904489
116.438745,39.922862
116.420061,39.929834
广东省广州市
114.106722,22.655083
北京是海淀区
116.407987,39.92419
116.435583,39.918767
北京市海淀区
116.420348,39.916443
116.393902,39.917329
116.412299,39.908252
116.412874,39.933928
116.403388,39.914894
108.637344,39.819092
116.351252,39.858805
116.401951,39.929945
116.396489,39.928396
116.372631,39.918241
116.406263,39.920428
113.272698,23.137962
116.405581,39.998094
116.38123,40.074361
116.606352,39.897733
116.559221,39.728309
116.283993,39.751359
116.253799,40.081638
116.42892,39.923211
116.731213,39.935794
116.644452,40.058459
116.158294,39.932634
116.118011,40.102227
116.37842,39.790048
116.507823,39.882342
116.86726,40.381225
116.106231,39.917228
116.267046,40.119463
116.661566,40.403734
116.241746,39.947804
121.975015,46.080779
116.525351,39.777325
116.25925,40.158904
116.403963,39.915115
116.257934,39.936647
116.719311,40.10205
116.535694,39.916841
116.362342,39.930053
116.6837,40.404372
116.055182,39.710897
116.380009,39.98385
116.15034,40.115972
116.124888,40.067305
116.331424,39.73273
116.555583,40.147364
116.474606,39.71612
116.327927,39.796279
115.98971,39.699717
116.493211,39.974616
116.49202,40.001049
116.38109,40.063248
116.247557,39.947338
116.232495,39.871592
116.417799,40.026193
116.309614,39.944654
116.010652,40.545171
116.364397,39.864528
116.315384,40.065384
116.601405,39.912322
116.579964,39.733417
116.111755,39.905354
116.305652,39.820096
116.379614,39.968513
116.199027,39.947051
116.317026,40.039998
117.332183,40.153198
116.350496,39.929945
116.346759,39.929502
116.386141,39.925961
116.298179,39.945159
116.349346,39.929502
116.412012,39.909359
116.40425,39.924854
116.385853,39.925297
116.39304,39.930166
115.032359,39.899673,116.39304,39.930166
117.247939,39.137278
116.272451,40.063045
116.406035,39.954162
117.094239,38.952819
116.362282,39.899175
116.395339,39.937026
116.381541,39.923305
114.654425,32.9621
116.461138,39.861974
116.257017,40.115216
116.694844,39.886306
116.546226,39.898111
116.511343,40.041684
117.25719,39.160604
117.519046,40.218196
117.054578,39.054883
117.754432,39.119918
117.058322,39.381018
117.260958,38.696339
117.320928,39.085407
117.136333,39.420859
117.389415,39.171899
117.284643,39.004713
117.049154,39.51566
117.059922,39.372782
117.701469,39.026722
117.014214,39.430008
117.31547,39.108897
121.355855,31.285370
121.736295,31.063041
121.190631,31.051605
121.807056,31.501938
121.728067,31.244594
121.423071,31.230672
121.254841,31.109886
121.197706,31.051074
121.692479,31.252430
121.299147,31.144505
121.141422,31.256875
121.555126,31.105821
121.364153,31.174577
121.244968,31.401474
121.310642,31.142434
121.543324,31.200677
108.402294,31.172404
106.578173,29.531376
105.880557,29.359716
105.729123,29.702324
106.566429,29.477033
106.652286,29.774046
106.065244,29.841768
108.037817,30.288575
106.611925,29.711442
105.743032,29.702724
105.843034,30.191113
105.770387,29.684413
106.603362,29.603431
106.487836,29.453624
117.369031,38.98406
117.203492,39.163701
117.301281,39.712649
117.485122,38.838363
117.328681,39.719912
117.479575,39.259798
117.615525,39.040247
117.157858,39.132842
117.388414,38.988725
121.494308,31.374241
121.502658,31.386288
121.474049,31.172779
121.401458,31.342725
121.298025,31.196051
121.301514,31.309215
121.437064,31.334255
121.385861,30.794904
121.391618,31.368367
121.587977,31.250961
121.602686,31.2345
108.413815,30.812741
106.336334,29.345324
108.430199,31.080397
106.68022,29.534352
109.683464,31.644785
107.294389,29.729137
108.662653,31.946826
108.355133,31.164586
108.395819,31.186856
106.292581,29.970219
107.401389,29.709344
106.521906,29.61881
102.842435,23.213785
104.04692,27.623749
104.419722,28.613273
101.322201,25.727829
100.230626,26.85608
100.794145,22.00626
103.703348,27.322
100.239671,25.591666
102.756895,24.961051
101.567753,21.475737
102.832038,23.220819
118.162205,39.82555
116.657707,39.483274
115.427756,38.093556
117.791289,38.271344
116.402374,37.643625
117.253692,38.515269
114.528634,37.449803
116.955103,39.906429
115.058067,38.028423
115.816274,39.001619
113.999018,37.112217
113.644216,34.752012
116.380658,33.942008
112.638397,33.722176
115.201575,33.201443
115.977467,34.159781
113.706263,34.438958
114.661032,35.190251
114.742967,34.460307
113.76147,34.71322
113.704098,34.720931
112.199275,32.681
121.522245,38.899212
122.999346,41.113664
124.088421,40.466028
121.712814,39.027389
122.056148,41.196302
122.139479,40.265936
123.350515,41.779633
123.437999,41.798766
123.689355,39.822027
123.374382,41.802915
130.824958,47.573035
126.658903,45.760263
126.667520,45.703329
128.831483,45.841109
125.116942,46.533742
126.686097,45.759157
126.608064,45.892635
126.614521,45.750222
112.93905,27.901889
113.348174,26.994219
113.0683,28.813195
113.029457,28.157571
111.632337,28.945339
113.677063,27.796772
109.470837,28.579149
113.497798,27.676691
112.520025,27.725652
113.119503,29.397215
112.166132,27.462081
117.398368,31.831966
117.176761,31.798803
115.620224,33.148143
118.408375,31.429715
116.902287,33.896385
117.309372,31.945761
116.953809,31.472663
118.407124,31.323078
115.476379,33.535231
117.737416,29.89599
116.779756,37.686729
118.771309,35.324372
116.344972,37.378328
117.457731,35.101496
116.982913,36.637337
119.493206,36.82396
117.397648,36.710419
115.851986,34.605999
116.077204,35.396323
117.049655,36.660695
89.232293,42.96242
84.68597,44.43795
87.539625,44.407717
86.263838,41.367386
79.067496,39.873052
86.171943,41.74456
84.931319,45.559983
87.549343,43.896193
121.067704,31.56884
120.161559,32.565773
118.841668,32.333812
119.822811,31.348882
118.844816,32.026687
119.916191,32.190941
118.916288,32.100405
119.643668,32.322526
118.913209,31.339708
121.08308,31.968772
120.937324,31.939777
121.878759,29.481308
119.040176,29.606396
120.104200,30.355480
120.191445,30.237446
120.174785,30.326307
120.173508,30.269787
120.380256,29.912473
121.605894,28.280688
119.433639,30.229503
121.497024,28.764079
121.702325,29.959493
120.609004,28.018517
114.793932,24.906779
115.923356,28.035411
115.529992,28.047708
116.355158,27.985556
115.785694,28.189685
116.480888,39.710142
116.390506,39.85273
116.578604,39.95842
116.608578,39.901165
116.665776,39.869144
116.437175,39.980489
116.444809,39.973514
116.201500,39.636162
115.954612,39.569988
116.412373,40.001145
117.273862,39.045668
117.737664,39.110283
117.013318,39.14936
117.273148,39.99007
117.005856,39.159295
117.392934,38.985287
117.212241,39.185047
117.138644,39.219898
116.934075,38.931646
117.148344,39.161444
117.438789,39.053579
117.180536,39.041283
117.026674,39.375243
117.71148,39.11251
117.277668,39.013306
117.075537,39.38661
117.688436,38.972168
117.259256,39.179718
117.56191,39.123812
121.261049,31.148016
121.574959,31.259251
121.242489,31.113291
121.524153,31.200028
121.42752,30.99278
121.318769,31.310168
121.40399,31.327338
121.394655,31.026762
121.819959,31.079802
121.482054,31.245945
121.668794,31.213557
121.251121,31.38778
121.156619,31.156328
121.420295,31.271863
121.472704,31.214192
121.462146,31.279115
121.558748,31.245994
121.689908,31.172078
121.615297,31.205669
121.539844,31.306205
121.477697,31.340618
116.36167,39.83152
116.558683,39.728158
116.736933,40.171427
117.071238,39.239785
117.43596,38.930343
117.460502,40.053408
117.231202,39.176608
116.935707,39.247702
117.14099,39.069638
117.268680,39.067443
117.189676,39.123208
117.844936,39.337579
117.227773,39.096501
117.134703,39.202952
117.310266,39.084964
121.588284,31.1497
121.730443,31.52699
121.39368,31.034126
121.484878,31.156558
121.463924,31.216504
121.614264,31.284363
121.461967,31.340551
121.460019,31.262765
121.431165,31.022866
121.332154,30.736065
121.197624,31.051057
121.416633,31.170303
121.417212,31.237164
106.50896,29.552545
106.485923,29.630525
106.562495,29.46937
106.461071,29.754181
105.757778,29.56454
105.935209,29.305626
108.400297,30.763753
105.822567,29.095354
106.552016,29.591925
106.072881,29.831421
107.362922,30.362356
107.275615,29.231621
106.444813,29.431732
106.512968,29.466061
102.935422,26.904672
102.644281,25.076226
104.677404,23.436976
100.793412,22.006035
100.442559,21.95388
102.741184,24.966157
105.064331,24.052035
103.383295,23.356837
117.681934,39.092912
117.392892,38.879741
117.224011,39.089696
117.099864,38.954786
117.716816,39.360931
117.01953,39.477375
117.190797,39.111856
117.3303,38.959326
117.190526,39.179819
117.206128,39.074651
117.173524,39.144664
121.520094,31.127019
121.197515,31.051368
121.603178,31.071326
121.372254,31.133252
121.59893,31.641882
121.147296,31.016646
121.333543,30.728974
121.198446,31.049625
121.080535,30.936139
121.455789,31.275205
106.542607,29.394304
106.470237,29.621526
107.425853,29.790085
106.410071,29.97531
106.571421,29.530535
106.464555,29.74744
107.738142,29.858404
107.258362,29.763898
108.349976,31.217655
108.38693,30.797718
106.547472,29.522186
106.258124,29.288283
102.932206,26.912753
101.271366,26.625648
104.218084,28.082158
101.861832,23.660316
101.273561,26.618803
100.23745,25.592757
100.259174,25.607508
100.163527,25.686576
100.032003,21.674118
102.722134,25.021856
116.657684,39.483542
114.777266,37.903523
115.83689,38.971047
114.446576,38.09492
115.39698,38.801414
117.84933,39.755493
114.508461,36.616603
115.415149,37.349785
116.693294,39.07911
116.681024,37.904997
114.356464,38.059532
112.982213,34.757858
112.445487,34.558971
113.700338,34.83763
114.389815,36.061098
114.085056,35.411954
114.017078,33.594193
114.104179,34.2174
116.46925,33.952142
113.619953,34.767155
114.007122,33.019328
113.851726,34.025152
113.599254,34.860446
121.572782,38.97435
120.314974,40.32919
123.386677,41.794157
122.12984,40.184421
123.358766,41.686412
121.669161,42.005396
122.739913,41.511288
123.884984,41.892466
122.970174,39.705678
121.753474,39.036682
121.546521,38.87709
124.898711,46.598904
126.603396,45.768448
124.452904,46.857481
126.621114,45.753669
126.613998,45.756070
123.636101,47.212453
126.612754,45.759987
126.521782,45.805946
130.828295,47.587238
111.486184,27.220776
113.118929,28.127442
112.99401,28.151075
112.596437,26.888267
113.626069,28.137091
113.632544,28.156469
109.450234,29.459172
113.020604,28.153028
110.002594,27.107793
112.960471,27.783626
112.498696,26.874006
109.717009,26.873029
117.807891,30.9275
118.347244,29.87606
100.241896,26.87289
102.695801,24.982214
102.721949,25.060069
100.712189,23.50023
114.763056,38.380894
116.58848,38.073207
118.661286,39.509839
114.384392,37.661108
114.938355,37.622781
116.580541,38.765199
114.401373,36.847948
116.378649,39.120831
115.796208,39.256735
117.013071,39.763377
114.846107,38.011706
114.453934,38.024099
115.694522,39.394013
113.620926,34.164194
115.414467,36.056477
114.001345,33.600408
113.712144,34.598333
115.09613,32.116878
114.136634,34.662861
114.664969,35.183718
114.659704,33.590556
114.813836,32.429317
113.689731,34.720422
113.727583,34.432771
112.438556,33.481012
112.860365,34.675594
123.368402,41.796162
123.413002,41.73451
121.315052,38.814901
123.374447,41.802795
122.577064,40.605247
122.076437,41.137565
121.260972,38.928767
123.323771,41.797389
123.357683,41.750169
122.975331,39.668695
121.555774,38.886197
123.394552,41.733928
126.562507,45.819487
130.278886,47.052247
126.602643,45.989712
125.136021,46.560111
113.150069,29.375691
111.948024,28.776586
111.503774,26.211129
112.829072,28.294107
113.134153,29.360392
112.568846,26.880618
109.685450,26.574229
113.149987,27.782658
112.964624,27.794475
112.554916,28.474957
112.939699,28.162633
112.544063,27.742028
112.734016,27.236707
118.746728,32.73141
117.618746,33.795623
117.618746,31.722669
118.353862,31.719206
116.160871,33.661471
116.325568,33.460752
118.821634,31.126088
115.804745,32.935801
117.901076,33.149299
118.515681,32.710668
119.172975,32.599326
118.313168,29.71673
117.297323,31.949131
117.301214,31.742162
115.524261,35.245866
120.537052,36.879281
119.498272,36.599777
117.155692,36.195103
117.216045,36.855629
116.097376,34.79409
117.068844,36.644854
116.606943,35.398194
121.6786,37.139752
118.344292,35.121368
119.695669,37.0609
119.695669,36.462922
75.794902,39.054766
78.55141,39.808143
86.1505,41.762382
87.590939,43.845742
81.286967,43.904708
84.912848,45.561873
86.890022,44.194216
82.89041,44.604255
88.626357,42.803945
106.47111,29.493485
109.462852,31.015583
108.372555,30.795209
99.394994,24.112962
103.77465,25.500813
102.584651,24.928624
103.753386,24.529879
100.79772,22.000701
97.860134,24.010666
104.250066,28.092948
101.533562,25.038752
100.152829,25.703788
103.740862,27.348227
100.173384,25.689019
100.779879,22.020305
103.381037,23.365196
114.741413,37.656848
115.033444,37.067504
114.930075,38.688239
118.682953,39.504231
114.677365,38.344904
117.937838,40.192951
119.434956,39.797577
114.47626,37.957254
119.527798,39.820761
118.149222,39.64157
115.979023,39.075483
115.022088,37.986233
116.205146,38.859021
114.74179,38.141537
115.36592,38.430439
113.017163,33.258956
113.244077,35.241013
111.108598,34.726231
113.978232,34.715542
115.499555,33.865408
115.480032,33.893067
111.175614,34.769031
112.483182,34.503574
114.783572,34.548591
113.772565,34.766944
113.686491,34.740423
113.730291,34.737883
113.493966,34.141602
114.252519,33.240108
114.077202,33.58449
115.070347,33.143185
123.333877,41.772171
121.635193,38.875222
122.991771,39.705904
118.139422,30.255475
117.338576,31.802411
117.345411,31.903725
116.335247,31.395315
118.447016,31.330918
118.408397,31.429708
117.565667,32.521378
117.323791,33.28818
115.831676,32.940859
113.321283,40.069288
112.520391,37.875432
110.985211,35.019751
111.749108,36.823282
110.712519,35.521065
113.560013,37.873621
111.936212,37.025368
111.219357,35.356254
110.753754,35.133471
112.514912,37.855594
110.553933,34.948172
117.098214,36.699878
87.57209,43.890084
89.631646,43.996061
79.260413,39.950194
87.31626,44.026362
85.590222,44.823965
87.594768,43.794408
87.626214,43.951983
79.709638,37.280708
87.596335,43.860286
80.270353,41.158339
120.658382,31.143848
118.397918,34.409398
120.086586,32.174458
119.439825,32.784818
118.806093,31.960929
119.612138,31.984735
120.461336,33.186708
120.585527,32.395557
120.267261,31.999038
120.543475,31.354854
120.270936,31.9117
120.547377,31.616343
121.064485,30.068527
120.882607,30.057411
121.729497,29.944344
120.72429,30.618923
121.677376,29.012733
119.810997,29.362716
120.691368,28.147200
120.071875,32.740958
120.356384,32.817305
119.082848,31.321681
120.445887,31.417736
119.9113,32.483548
119.608346,31.990226
120.783885,32.043419
118.699588,32.528231
118.699588,31.917039
121.193778,32.316874
120.281078,31.628886
119.666972,32.385408
118.54128,33.011588
118.627229,28.727533
120.674428,27.970423
121.216492,28.654753
120.096408,30.130751
120.807208,29.587925
121.572782,29.861359
121.603304,28.71013
120.063822,30.897596
118.854088,28.918927
121.005157,30.579679
121.623170,29.866032
120.241516,30.351319
120.751134,28.83081
116.675062,28.787649
115.481573,28.163902
115.881347,28.791588
115.375592,28.852438
115.655483,24.952443
116.775862,27.908489
115.911665,28.579894
117.611114,28.407516
114.783418,25.667703
115.624174,26.017649
114.935872,27.825022
114.898844,25.805097
113.747953,27.571363
111.65792,31.050765
112.163084,32.027196
115.202728,29.844862
110.862695,32.572618
114.040904,30.570031
114.016132,30.576780
114.274769,30.769782
114.355887,30.563866
110.787552,32.642186
114.302245,30.689155
111.515596,32.538109
115.80615,28.171615
115.017836,27.833368
116.704173,29.001094
115.867512,28.7088
113.912012,27.697276
113.15699,30.641074
113.789815,30.591656
114.044930,30.577429
111.795728,30.175969
114.975501,30.178515
113.295402,29.982737
114.366112,30.418187
114.391968,30.617212
113.170753,30.6331
114.214096,30.585745
112.857625,30.190538
113.686169,31.249283
106.571239,24.348321
108.341752,22.763171
108.360887,22.843846
111.559436,24.412158
108.265821,22.846929
108.265494,22.847330
109.237391,24.248035
109.324226,23.328294
109.381548,24.366586
108.635221,21.982333
104.951347,33.374397
103.854698,36.042874
103.746542,36.082613
103.746437,36.050608
105.313718,34.035734
105.887252,34.555445
105.673073,34.566627
107.887058,36.019563
103.85684,36.029964
111.901184,35.157522
111.219810,35.135511
111.672825,35.301377
110.295856,34.656991
110.522331,35.344753
112.516838,35.675562
110.454002,34.88145
110.445852,34.866036
112.733906,37.663596
110.985185,35.020091
112.537287,37.79167
112.586049,37.800033
109.532908,40.572512
111.764906,40.86485
106.823558,39.658812
118.894066,42.259155
118.898537,42.252475
109.831924,40.657195
110.026068,39.807583
120.07994,43.874802
122.077343,46.074773
122.240983,43.613656
108.947559,34.154874
108.991633,34.759394
109.219354,34.656664
108.670248,34.310959
109.613354,34.96407
109.062668,34.287327
108.979215,34.338345
109.073617,34.377794
109.084947,34.508574
107.180035,34.371469
108.237172,34.525648
125.406188,43.830837
125.693711,44.544919
128.24393,41.456683
126.562114,43.826704
125.659085,43.525437
125.187029,44.43489
125.686955,42.536080
125.376667,43.85777
123.367868,41.796653
119.335713,26.061307
118.199256,25.067864
118.608729,24.84343
119.349141,25.716666
118.606851,24.88114
116.603808,24.892383
117.658712,24.435770
120.291625,27.046295
118.621706,24.841396
118.181888,24.477703
118.643707,24.722089
119.74028,26.314453
119.657289,26.893247
106.714690,26.598834
105.693718,28.586676
104.909599,25.079071
106.456624,26.546018
106.811743,25.471014
107.200795,27.716313
109.193876,28.182397
107.481388,27.757237
104.843366,26.589148
106.062296,27.031065
113.291354,23.129984
113.125256,22.985762
113.81525,23.019637
115.838410,23.433799
113.033678,23.120627
111.611151,22.05051
113.257021,23.183775
113.821416,22.736434
113.067122,22.5895
120.555286,27.778869
121.140744,28.839249
121.730232,29.933838
118.776994,28.933518
121.376533,29.820318
120.043223,29.278194
115.747435,29.303538
115.967947,28.674662
117.223687,29.748608
117.036619,28.231207
115.826437,28.95766
114.241902,26.946555
114.780758,25.79207
118.287742,28.720053
114.423689,27.81173
114.431118,27.797308
115.915095,28.62727
114.259196,30.461009
112.547669,29.985536
112.889561,30.411204
114.264173,30.556399
113.385619,31.694855
114.357305,30.521935
114.278097,29.856912
112.324196,29.718381
113.455006,29.858191
113.432736,30.359839
114.328322,30.391981
112.216591,30.994243
111.520654,24.415490
108.313798,22.772388
109.596168,23.108560
108.477059,22.119266
109.723533,22.828975
108.327104,22.761087
110.304144,25.258893
111.867868,23.995966
109.320456,23.329328
107.539363,21.615624
109.219985,23.741606
103.217045,35.598481
105.708926,34.571415
102.64708,37.920935
106.377295,34.922549
103.26001,36.733276
98.28962,39.776998
105.122476,34.754124
105.904155,34.561968
123.374899,41.802913
124.02161,41.84074
122.333204,40.403532
123.366561,41.793602
121.957657,39.408795
121.141482,41.142799
123.19819,41.27345
121.589344,38.955726
121.705934,38.926564
121.118387,41.096187
121.642761,42.007901
123.791916,41.293403
126.608081,45.751567
127.497668,50.250879
126.556918,45.743801
123.977892,47.343695
126.588998,45.736933
124.872652,46.506457
124.466114,47.782335
125.127152,46.545372
124.918074,46.605767
125.993011,46.073908
112.40561,29.368865
111.150118,27.646859
112.403431,26.959773
111.454322,27.224461
112.590584,26.921289
112.702226,28.42341
113.113918,28.182521
112.990241,28.245936
113.026783,28.223665
112.978688,22.940673
111.896704,28.913809
112.867811,27.239769
112.830622,27.063729
112.546773,28.270922
113.628643,28.158554
112.97955,28.159652
118.008211,31.799432
117.343152,32.890167
118.808377,31.008952
116.994237,33.607781
117.486317,31.851663
115.592049,32.640343
117.882136,33.492802
117.342559,32.906944
116.489092,31.357265
118.626294,31.309419
116.329532,31.752586
117.881558,31.589564
116.786656,31.548915
119.008531,32.674899
118.525159,31.701387
116.455753,32.499051
117.209451,31.784308
119.139043,36.736107
117.136572,36.178171
117.326399,36.918077
116.984789,35.404143
118.261277,34.754653
119.777836,35.703316
116.772027,35.577562
117.157918,36.214985
117.968379,37.40874
120.711897,37.607899
118.483564,37.506507
116.998974,35.587556
118.482589,37.462222
118.275438,36.786863
117.63922,36.705646
81.306004,43.946315
87.532664,43.806188
78.284402,37.564472
86.088028,44.316471
82.95774,46.742532
89.192361,42.95152
86.57054,42.066696
76.167626,39.713997
82.052096,44.878824
93.483929,42.832687
87.65187,43.81153
87.569719,43.880298
120.56515,32.421599
120.152422,33.326108
117.2881,34.224114
121.070734,31.962552
118.750872,32.13431
119.203004,34.598945
118.806543,32.006211
119.444312,32.131193
119.460699,31.798382
120.526,31.31612
119.965732,31.976893
120.456948,32.556198
119.9602,31.856437
119.062819,33.592787
119.398938,33.348603
119.831207,31.843779
120.075748,29.282973
119.635510,30.231626
120.564626,30.020676
120.710360,28.014988
121.179532,28.791718
122.29932,29.945018
121.416210,28.642878
121.457219,28.463867
120.528087,30.051409
119.926571,31.007645
121.204203,30.757703
120.483391,30.072932
121.249904,28.115973
120.714123,30.387357
120.133492,29.41667
120.620524,28.008569
119.679953,29.790439
115.921298,28.536442
114.922526,25.828795
115.818731,28.135826
114.979122,27.12302
115.966507,29.681245
115.500965,28.738145
114.284786,27.942935
115.923739,28.581098
116.683349,29.010286
115.897253,28.683922
115.668432,29.695522
114.882496,26.792154
115.407385,27.73681
115.093361,29.261349
115.774208,29.33461
114.969602,27.110527
113.149023,30.654875
113.98219,31.253413
113.469876,30.354307
112.985064,30.031319
112.870461,30.418257
114.373259,30.875977
114.047678,30.294037
110.75464,32.632956
113.168900,30.649476
113.832812,31.627608
114.43456,30.654213
113.15798,30.6323
114.259113,30.57846
111.289901,30.70848
108.663345,24.066780
109.804218,23.311967
108.325996,22.810460
110.296100,25.306146
109.391779,24.331091
109.672488,23.036083
109.577397,23.107176
110.296100,25.306226
106.571289,24.348368
108.667034,24.065436
103.859507,36.069077
94.672056,40.102334
94.545363,40.077037
104.92639,33.390344
107.700154,35.6324
105.707659,34.581274
104.376817,33.777885
94.596729,40.116831
99.581529,39.683599
107.645977,35.734946
106.78497,37.155007
103.758165,36.082199
94.667534,40.097689
111.398161,35.626731
111.925632,37.031416
112.531404,37.862614
112.509664,37.894793
110.450915,34.867422
110.613704,35.376259
111.236167,35.61663
112.859402,35.513064
112.588248,37.425158
110.773003,35.149045
111.800474,36.858037
110.981865,35.018232
111.216728,35.136475
113.265209,40.111409
110.717163,35.589264
107.361229,40.748075
120.15799,43.873838
122.003779,44.037777
122.284293,43.614808
122.076554,46.065839
119.830314,49.218576
120.092584,43.880055
118.963819,42.262937
118.919017,42.288724
118.831654,41.389845
109.839673,40.63413
122.262287,43.608303
109.68379,38.29962
108.938979,34.237373
108.396238,34.618443
109.022377,34.373508
108.135499,34.252868
109.031243,34.287132
110.157689,35.230415
107.892576,34.379215
108.835949,34.527294
108.068594,35.064345
109.042991,32.680034
109.14585,33.422714
109.601537,34.429884
109.510886,34.719086
110.113585,35.114418
108.83768,34.246028
108.938786,34.638577
122.858867,45.623879
125.304823,43.863803
126.55223,44.832447
126.571734,43.875694
125.247556,43.832084
125.420754,43.863043
125.926814,41.722692
126.527032,43.819989
126.572465,43.841953
123.514868,43.514422
125.303751,43.898546
119.291012,26.134372
117.159765,23.716660
117.773983,24.482998
118.867245,25.249501
117.855139,25.699312
117.823377,24.176272
120.211348,27.341900
120.211348,26.056540
119.513963,25.958226
118.576037,24.802135
117.625315,23.955121
119.336054,26.151688
117.044219,25.062678
118.671908,24.872277
117.713804,24.530917
105.82226,28.471411
106.697550,26.536803
108.41052,27.993248
104.909773,25.079038
107.975442,26.594304
106.905925,27.703783
108.201362,27.995083
106.370973,27.843475
106.659681,26.706651
109.300676,27.862187
107.224151,27.721254
106.728112,26.865517
109.205554,27.771758
105.314768,27.294372
110.383681,21.223725
113.877721,22.571701
114.100847,22.968653
114.717262,23.000263
113.493012,22.231441
114.019493,22.744242
113.513146,22.256902
113.21984,23.470391
110.787672,21.422824
113.155253,23.043694
113.225242,23.394892
116.746992,23.360898
114.165175,22.695087
114.087423,22.538271
113.232153,23.18103
113.799098,22.766267
113.700985,22.995204
110.267972,21.37607
94.625407,38.027963
102.409019,36.48599
95.393582,37.798205
95.393593,37.798214
88.906723,27.489245
91.138455,29.652201
91.773878,29.239332
91.770786,29.231587
91.125476,29.692258
105.378071,30.857591
104.144851,30.670221
106.055701,31.347016
104.045254,30.762948
104.399257,31.365834
104.624861,28.754015
107.515556,31.205155
107.663667,31.932122
106.406228,30.745133
106.840714,32.345924
103.008059,29.981458
106.7395,30.284727
104.675926,31.470439
104.06747,30.567312
106.009146,31.594063
105.685026,37.488412
106.207261,38.499715
106.297218,38.51038
105.911012,36.955235
106.215738,38.477485
106.191759,37.966514
106.329092,38.564981
105.535661,37.415454
105.684778,37.489268
106.225557,36.029767
105.686674,37.49608
110.325754,19.922476
109.497511,18.277076
110.332103,20.005456
110.306652,20.020292
110.303205,19.998684
109.70853,19.937066
109.528061,18.766604
110.366352,19.99862
110.518739,19.268516
110.21389,19.998761
109.535873,18.298139
110.343814,19.987998
110.31386,20.016685
103.593,30.503993
103.889329,30.558441
105.666528,29.198947
103.905136,30.547434
105.121307,29.61042
105.374161,28.781468
106.93697,30.333344
105.941074,31.734525
107.514198,31.203458
104.136624,30.711568
104.139774,30.641418
104.082202,30.582395
106.220272,38.48878
106.328577,38.43855
106.24593,38.504178
106.243136,38.484734
106.05752,37.439818
107.054118,38.004481
105.680087,37.479667
108.933675,19.504022
110.457387,18.87519
108.698409,19.310065
110.333028,20.0144
109.50108,18.259157
109.05296,19.269319
110.584159,20.026632
108.897984,18.469443
110.466103,19.254792
109.516996,18.283431
110.758492,19.606321
106.451132,29.533025
107.246537,29.662781
106.527077,29.379668
106.500124,29.511152
108.454213,30.765924
107.272670,29.751630
108.698244,29.39532
105.736367,29.71169
106.430545,29.832362
106.597279,29.593685
107.797797,30.663818
106.378662,29.696891
106.060392,29.824558
108.045996,30.820402
106.522133,29.642952
106.454994,29.50265
106.579770,29.529223
108.558828,30.784715
106.269641,29.282778
107.345733,30.322992
108.420809,31.202088
106.216097,29.586663
102.654727,24.799568
99.911109,26.536523
103.978376,28.59668
103.265692,23.717
102.929115,26.920853
102.716368,25.057142
101.678144,26.052950
100.721676,23.506854
100.793752,22.006097
102.003787,23.59672
104.149324,24.094835
104.016534,22.728797
102.719131,24.974173
101.567708,21.475699
101.265384,26.628406
97.862689,23.999659
104.011654,22.522287
102.004741,23.613961
100.138197,24.431325
114.766032,37.753206
114.545786,37.794479
116.994047,39.932206
114.642125,38.01359
114.660256,38.314174
115.738429,37.738956
114.506146,37.069665
115.13912,38.710606
114.481108,36.626054
114.528059,38.03657
115.852702,38.444855
116.358719,39.162427
114.456123,37.942505
118.978006,39.196987
115.681276,37.06087
116.218656,38.642972
114.77227,37.348026
115.286507,39.047098
119.593869,39.926462
116.826043,39.952942
114.516391,38.009488
113.838597,35.036900
114.27825,33.262589
112.998315,34.745733
113.413054,34.782286
113.830126,33.999973
115.878638,32.104715
113.698044,34.798889
115.311588,34.210308
113.641004,34.711578
112.534011,33.003632
111.484502,33.306176
113.529043,34.824353
113.620397,34.68214
113.289393,35.230746
113.414108,34.788702
112.541773,34.579652
113.8515,35.067876
113.244837,35.185312
113.617993,34.760859
113.82669,35.453972
115.17004,33.654095
123.436441,41.692741
123.374933,41.802898
122.744577,41.51675
121.647969,38.925824
121.587483,38.918195
121.393021,38.992461
122.067722,41.190125
122.968167,39.710037
123.411631,41.742519
123.44546,41.849144
123.147202,41.28477
123.189358,41.243359
122.227687,40.670214
122.571562,40.602006
123.392158,41.800815
123.368256,41.796578
123.768323,41.305272
122.559753,40.793611
122.331384,40.404397
126.543496,45.752952
126.649881,45.790113
126.556370,45.737251
126.975874,46.639087
124.853793,46.631255
124.466407,47.782517
126.585149,45.730744
126.663256,45.711373
126.973128,45.533516
126.719025,45.767177
125.124438,46.625122
130.534175,44.916669
126.640923,45.764154
123.990236,47.351487
112.883157,27.849223
113.060286,28.134287
112.400897,26.403877
112.238524,27.616609
112.675898,26.732751
113.055925,28.168562
113.191406,28.230231
112.903862,28.20241
112.909391,28.701512
110.53232,29.123876
112.940188,27.777634
112.70428,27.517728
112.636251,26.929945
113.072153,28.202599
110.633898,26.727316
112.504517,26.91011
111.768385,29.64745
112.369051,26.969654
113.175141,29.373714
113.020128,28.156188
111.659644,29.046144
117.274666,31.722634
117.114665,32.005949
116.991034,31.956548
117.345205,31.847964
116.305712,33.396529
117.328497,31.800378
117.279778,32.776628
116.564594,34.390256
119.016123,32.675526
117.029918,30.507913
118.400326,31.414841
117.285154,31.900264
116.007245,32.741937
115.620241,33.176149
118.441811,32.146128
116.858599,32.62059
116.992041,32.585845
117.856753,31.619692
115.832952,32.89572
117.240170,32.005541
117.770655,32.359673
117.202998,31.792576
120.521032,37.635895
118.655883,37.45601
117.630857,37.426461
117.295946,36.799566
117.035849,36.659321
116.5786,35.387385
118.120415,37.140062
117.220687,34.931873
118.46629,35.493921
117.175834,36.672266
117.563138,34.591649
117.663722,36.208435
118.033919,36.033156
115.950711,35.600794
117.771916,35.92766
117.597242,34.842607
118.500479,35.350302
116.615861,35.438997
120.339287,36.405938
116.3297,36.413317
79.908419,37.139738
79.929381,37.114978
87.683914,43.964004
84.867193,45.608107
88.656105,42.79275
79.928916,37.099753
87.615219,43.788557
87.566317,43.803154
86.217913,44.306937
87.565593,43.840208
84.879106,44.438991
87.616266,43.921089
79.249214,39.945088
84.86123,45.600601
87.654967,43.812868
84.876096,44.331512
89.174035,42.955965
87.071992,44.438127
120.885659,32.040949
119.455626,32.134346
119.974942,32.496646
121.132835,32.485139
120.532893,31.865599
119.17141,33.531248
120.498256,31.236590
120.248444,31.904331
116.585892,34.691947
120.995838,31.378994
119.393056,32.365007
120.328213,31.496305
120.27143,32.009582
120.621737,31.334098
118.294150,33.934876
120.959177,31.608884
118.770163,32.008329
121.424229,32.136502
118.903516,32.101727
120.972645,31.458247
118.811861,31.960528
119.679953,29.842640
121.592127,29.889100
122.123283,29.739795
120.005241,28.894136
120.514028,29.954566
120.493263,30.739706
121.034921,30.149345
120.215323,29.266051
119.372395,30.073827
121.394686,28.673595
120.346682,28.899535
119.715984,29.827140
120.215979,30.347084
120.929666,28.001960
120.629037,30.022452
120.876742,28.080677
120.787371,29.119073
120.133237,30.226718
120.138943,30.294969
121.5832,29.875505
121.363349,28.368268
120.221163,29.282329
114.804157,25.709423
115.812775,28.681278
117.031232,28.235121
116.319653,27.938686
114.948086,27.895649
116.917943,27.280941
114.956062,27.791632
114.61815,27.375448
115.778935,28.152702
114.93481,25.797146
116.325229,26.849187
114.358993,25.406694
115.874636,28.650745
116.605715,28.240853
114.945014,27.099472
115.432816,25.960475
114.926323,25.859261
115.990440,29.698257
115.971216,29.029416
115.976112,29.716266
115.186185,28.124245
115.380723,30.771713
114.541224,30.926264
114.329594,30.360422
114.151547,30.62799
115.500082,30.364555
114.41096,30.491276
114.286758,30.602254
112.870719,30.417234
113.736017,30.854909
111.264455,31.870052
113.68459,31.249406
114.244623,30.585104
114.292594,30.488735
114.320770,30.475356
114.333098,30.575053
114.416404,30.487289
114.289208,30.625846
112.196492,30.984281
115.018483,30.196589
114.29597,30.580608
111.704541,30.409431
112.210698,31.784102
113.349286,30.077024
106.932597,23.766620
110.210739,25.248319
110.319379,25.240489
110.497138,24.771252
108.260488,22.869900
109.475562,23.298273
109.427833,24.286037
109.206926,21.658222
110.286522,25.263746
110.437522,23.054676
110.564231,22.363525
108.311633,22.764504
109.153289,21.494275
110.310350,22.707399
108.245963,22.827357
111.311650,24.233730
109.207995,21.659802
109.437453,24.329292
108.319166,22.772829
103.718997,36.086292
103.741268,36.073330
100.45963,38.933134
103.837357,36.052064
106.308437,33.909775
105.307846,34.030392
98.526649,39.732999
105.666627,34.70945
98.506985,39.746914
105.01851,35.707568
94.67782,40.096572
107.895491,36.005905
106.037943,35.196633
103.819918,36.053746
100.070065,38.973852
100.452235,38.935028
100.481999,38.94691
110.717163,37.531856
111.025995,35.050705
112.56849,37.803363
111.594780,35.490745
113.314821,40.071237
110.993224,35.606918
111.045642,35.040022
113.727249,37.94071
111.223112,35.138029
111.02743,35.067613
111.548756,36.077007
111.139038,35.616032
110.872335,35.152093
111.040438,35.035648
111.046677,35.039428
111.374265,35.628017
112.593225,37.868624
112.562602,37.827686
112.84782,35.505925
111.17773,37.35979
110.958933,35.058294
112.1317,43.432204
107.145554,40.89346
111.574667,40.798312
123.368378,41.796149
109.842436,40.689073
122.276943,43.609303
109.822527,40.65195
109.831372,40.657299
123.460741,48.126091
109.892709,40.671446
107.407903,40.756216
119.789318,49.217327
111.718522,40.824167
111.673318,40.822635
113.140361,40.995915
119.345394,41.580865
111.66981,40.864014
108.878539,34.219247
108.069169,34.274113
108.670655,34.338227
109.007518,34.299477
107.204781,34.359144
108.862607,34.289204
108.013595,34.286014
108.671478,34.314867
108.943805,34.360551
108.953058,34.290054
110.143335,34.087208
108.719209,34.346218
108.138634,34.762379
108.881752,34.246309
109.019326,34.260799
109.509988,34.422669
108.864271,34.233693
108.937073,34.141563
108.925544,34.258742
108.958307,34.338638
108.977825,34.302239
124.293166,45.512307
125.333466,43.89663
125.661078,43.530115
125.25814,43.829813
125.299435,43.943695
126.908104,41.806734
125.297464,43.857380
125.435313,43.795046
126.558139,43.87858
126.573577,43.811575
124.293144,45.512296
126.528263,43.804062
125.235830,43.797858
125.280365,43.886712
123.398238,41.806586
125.364711,43.816023
118.421619,24.702868
119.314518,26.091482
117.383102,23.730718
118.562613,24.819861
117.897719,24.511516
117.994599,27.687388
118.884956,25.260957
117.335370,23.942624
117.976722,26.638163
118.551309,24.933947
118.297302,25.30818
118.085116,24.614675
118.808506,24.90892
118.582598,24.831119
119.35156,26.063361
118.609713,24.893188
117.658044,24.537183
118.236745,25.286119
118.146481,24.495815
118.575092,24.907915
116.973582,24.650705
108.299625,26.681746
109.18779,27.719104
107.340598,25.826497
107.792376,26.195489
108.385681,27.984404
106.627844,26.631942
105.662684,26.003229
106.628158,26.464125
104.887959,25.08906
109.197634,27.725886
108.400857,28.001888
109.196968,27.724741
107.679498,25.298106
105.934784,26.221892
105.699644,28.564845
106.766906,26.644582
106.103723,25.773682
106.669288,26.608415
106.669288,26.549809
113.049709,22.523
113.098596,23.004692
113.947037,22.945453
113.346896,25.124529
114.117458,22.588621
114.186215,22.607507
116.693264,23.437146
113.420784,22.348588
113.844895,22.911588
114.013028,22.917321
114.495187,22.534511
116.498121,23.594289
114.569648,25.246619
113.444338,23.108884
114.48962,24.332598
113.240329,23.077485
113.359878,22.152139
113.691352,22.967741
112.594754,23.219194
114.022978,22.746146
114.033601,22.919282
114.434494,23.076254
113.258513,23.129556
101.752459,36.633834
102.401457,36.479961
101.920251,35.950795
95.244123,36.785095
102.259943,36.10278
101.76684,36.610155
92.01163,29.234472
97.848595,29.676669
90.849244,28.385385
88.892905,29.264671
91.432859,28.436249
91.794812,29.249794
91.126784,29.664121
103.831593,30.679449
103.994091,30.626379
104.403289,30.850678
105.456132,28.984683
106.04103,31.346657
104.927032,28.579974
104.088254,30.700057
103.984980,30.561703
104.144088,30.66981
104.234559,30.577967
104.925607,29.95817
104.694555,31.457841
104.119022,30.639227
106.119882,30.793049
103.768135,29.578727
105.25034,29.747032
106.813062,31.437176
104.065698,30.545973
105.510411,29.031926
105.728344,30.675787
105.451155,28.892589
106.146043,37.850043
106.319831,38.515219
106.114387,38.490727
106.78044,39.229723
106.310332,38.46082
106.184008,38.491647
106.295891,38.464811
106.294217,38.518
110.341073,20.023719
110.335239,20.032576
109.217676,19.660686
110.464664,19.235683
108.736049,18.578522
110.120824,19.744598
109.495934,18.281276
108.671480,19.041221
108.891957,18.475594
110.376085,20.020137
110.332933,20.055637
110.337215,19.655059
110.091997,19.944852
109.392039,18.296676
110.757547,19.602201
108.730126,18.564759
109.226298,19.754133
109.152361,18.316165
112.722400,30.776060
114.15621,30.502931
113.953429,30.937219
108.265584,22.847227
109.599672,23.101860
108.268868,22.845592
108.313888,22.796908
109.138661,21.479361
110.325282,25.293622
110.296102,25.306150
109.474782,23.295018
109.474782,22.806629
111.150795,25.480077
108.326532,22.795560
108.283999,22.833300
109.466726,24.320340
104.917737,33.39709
104.951433,33.374309
103.825020,36.054898
104.112384,35.855705
103.84584,36.077448
107.031541,35.310724
102.855863,36.345469
103.834209,36.051364
105.736012,33.768814
103.699614,36.11157
103.801694,36.071014
112.891135,36.107604
110.329421,34.831219
110.620107,34.919383
113.2789,40.092089
112.722067,37.707451
112.428026,35.477816
112.689356,36.764185
110.450624,34.869308
111.810033,36.866707
111.391396,35.633438
112.921853,35.384798
112.192826,35.692468
118.721599,41.945659
111.967273,43.640907
123.457959,48.137009
110.057111,40.388669
119.085624,41.65478
118.652758,42.26587
109.020212,34.257668
109.009614,34.442449
108.82444,34.265944
108.070498,34.549115
108.978895,34.381666
109.612164,33.028971
108.993198,34.445621
108.934027,34.261462
109.083577,34.269760
108.945496,34.315973
108.953818,34.302475
106.62317,33.147887
108.845713,34.275253
109.178415,34.228768
125.386036,43.864966
126.761393,42.974855
122.83891,45.60036
125.326518,43.913103
126.569538,43.829467
127.321264,43.712441
124.821498,45.122458
124.039013,45.011848
126.580194,43.878116
129.496279,42.903142
119.424206,26.014183
118.669296,24.934370
118.185991,24.624043
118.700958,25.356318
118.60703,24.881503
118.430025,24.626891
119.457122,25.609841
118.134193,24.506032
119.401608,25.722088
116.409557,25.056588
119.554722,26.665006
117.70036,24.508148
118.70495,25.014923
107.228491,27.720926
105.697662,28.583722
105.294816,27.285076
108.040282,26.545086
108.410087,28.003649
106.261154,27.471843
106.370658,27.843476
106.920414,27.694256
106.71779,26.527403
106.377134,28.038775
106.727489,27.16168
113.92596,22.548402
114.706587,23.762852
114.249120,22.734503
114.847454,23.704908
113.342362,22.831545
116.713509,23.385683
112.479867,23.05106
113.892228,22.580356
114.30328,22.77589
112.493046,23.048902
113.871556,22.906806
114.188106,22.723252
112.565106,23.05057
112.994256,23.124591
113.346501,22.904584
94.967794,38.080794
95.708436,37.544601
88.894036,29.251163
88.893108,29.264554
91.140058,29.651408
91.116650,29.658898
91.081106,29.656837
104.162139,30.004164
103.685444,30.632208
106.14917,30.835738
105.044793,31.505403
103.489711,29.610330
106.409672,31.521858
107.22054,31.827112
104.564152,31.542737
104.060818,30.742078
103.849194,30.68214
103.890509,30.676093
105.34339,30.093528
104.499370,28.287082
105.38523,29.150819
106.284466,38.482272
106.247951,38.510741
106.324364,38.50307
106.241641,38.435533
105.690383,37.501448
106.292384,38.464848
106.631747,38.197717
110.72973,19.991423
110.320743,19.990782
110.357846,20.075119
110.332622,20.022289
110.464445,19.236978
110.459582,19.894705
109.694463,19.904077
109.152174,18.326353
120.097198,43.881064
108.421958,34.565077
108.892324,34.212232
107.626322,34.444081
107.56137,33.21796
106.690581,33.148451
108.431285,34.346489
109.161816,34.231191
108.897125,34.198559
108.748346,34.008764
108.897016,34.163151
107.222328,34.352323
109.945437,34.785789
126.56366,43.848471
124.29327,45.512246
125.26029,43.889431
125.322461,43.868269
125.293103,43.842928
123.510548,43.501075
126.189992,41.124932
126.574564,43.905885
126.564786,43.880405
117.75368,24.617826
118.618622,24.814096
118.140989,24.494967
116.678659,26.234909
118.013059,24.299788
117.454693,23.947916
118.149976,24.514588
118.66604,24.927034
119.685315,26.811983
117.750729,24.544042
118.146702,24.643104
117.626343,24.120015
106.455144,27.494314
107.72058,27.944386
106.406283,27.786588
107.678729,25.299233
106.919242,27.711223
107.897981,28.529124
106.714617,26.580499
106.395239,27.793085
106.709,26.50539
104.909676,25.079032
111.973904,21.880730
113.402569,22.498359
113.309404,22.805694
114.329158,23.005014
113.814471,22.715213
113.470941,22.364826
114.20104,22.652461
113.855782,22.61041
113.884321,22.569939
116.473346,23.224944
115.086038,23.947676
113.937595,23.090471
110.387632,21.214866
94.909628,36.402392
102.407155,36.485947
95.36253,37.848695
101.73688,36.647697
102.408089,36.485822
91.11688,29.658831
91.141832,29.683085
91.116794,29.658784
91.968349,27.99945
104.163524,30.005707
104.107462,30.420924
107.796405,31.427132
103.498069,29.597728
105.968961,31.559224
104.531688,28.437135
103.021211,29.98894
103.944066,30.983147
103.973851,30.67188
104.55053,30.387736
104.17155,30.633332
106.440768,30.537342
105.555464,37.517099
106.47789,37.292175
106.256294,38.474412
106.209796,37.998599
106.525514,38.501695
106.101572,37.506701
106.375132,38.579947
110.239039,20.031729
110.352835,19.9936
109.130279,18.668098
110.337193,20.03891
109.535302,18.772404
110.467502,19.216636
109.73569,18.74685
110.481391,19.243318
109.494816,18.282200
110.831974,19.572645
110.298802,19.996936
108.674834,19.105084
116.437021,39.918878
NULL
116.37899,39.931964
113.128432,23.027707
116.368031,39.921977
116.399939,39.917329
116.40655,39.918435
116.631297,40.027202
116.397064,39.926625
116.401088,39.915115
116.400226,39.948145
116.38729,39.927953
116.395052,39.909802
126.654995,45.79047
116.405688,39.909581
冲压车间2
116.4054,39.913123
116.314851,39.961364
116.403963,39.915116
116.403963,39.915117
116.403963,39.915118
116.403963,39.915119
116.403963,39.915120
116.403963,39.915121
116.403963,39.915122
116.403963,39.915123
116.403963,39.915124
116.403963,39.915125
116.403963,39.915126
116.403963,39.915127
116.403963,39.915128
116.403963,39.915129
116.403963,39.915130
116.403963,39.915131
116.403963,39.915132
116.403963,39.915133
116.403963,39.915134
116.403963,39.915135
116.403963,39.915136
116.403963,39.915137
116.403963,39.915138
116.403963,39.915139
116.371768,39.916001